3028 2
2975 2
327 1
3863 3
1828 1
2677 2
975 1
1182 1
1208 1
3404 3
1052 1
2617 2
2380 1
1484 1
3845 3
1877 1
1095 1
2261 1
1209 1
930 1
4332 3
938 1
3633 3
300 1
134 1
3556 3
1535 1
2364 1
3110 2
228 1
1255 1
902 1
2002 1
1992 1
3586 3
2844 2
386 1
1202 1
4241 3
3515 3
3904 3
1200 1
3560 3
979 1
1885 1
2101 1
2147 1
4091 3
2381 1
430 1
314 1
1411 1
236 1
1016 1
3175 2
220 1
907 1
26 1
308 1
898 1
2160 1
3858 3
1806 1
4588 3
2837 2
4318 3
1637 1
4324 3
3792 3
4246 3
3522 3
1777 1
3174 2
2738 2
3508 3
4613 3
3761 3
1650 1
3435 3
4140 3
4679 3
4446 3
3507 3
1401 1
4061 3
3625 3
45 1
4565 3
4017 3
3641 3
4551 3
1492 1
2725 2
3023 2
971 1
306 1
1159 1
610 1
2069 1
614 1
4119 3
408 1
2806 2
535 1
1589 1
3957 3
752 1
1037 1
2304 1
2879 2
4641 3
2642 2
2024 1
1739 1
117 1
2300 1
1750 1
3436 3
2162 1
109 1
8 1
4608 3
1033 1
2293 1
4509 3
773 1
422 1
2856 2
537 1
3695 3
4345 3
1060 1
1646 1
4097 3
489 1
3925 3
1195 1
4560 3
3701 3
441 1
333 1
4272 3
403 1
2892 2
1864 1
2274 1
4109 3
2639 2
59 1
285 1
4440 3
719 1
2172 1
3509 3
4441 3
249 1
1398 1
2635 2
1882 1
1272 1
1830 1
828 1
3056 2
4716 3
1179 1
2728 2
4717 3
2181 1
321 1
2726 2
3771 3
278 1
2697 2
3902 3
2934 2
1635 1
1111 1
544 1
1035 1
810 1
3838 3
4003 3
1657 1
3545 3
1974 1
4503 3
1165 1
1412 1
2772 2
1413 1
1607 1
845 1
3045 2
931 1
260 1
4009 3
612 1
1981 1
3671 3
387 1
718 1
3626 3
128 1
3173 2
2335 1
2789 2
1856 1
1026 1
636 1
3399 3
3656 3
3525 3
1851 1
1674 1
704 1
3831 3
355 1
3012 2
1944 1
432 1
1308 1
4750 3
209 1
3084 2
3638 3
654 1
4407 3
442 1
1670 1
3125 2
4512 3
3439 3
2654 2
316 1
4592 3
2163 1
207 1
1775 1
1161 1
1415 1
2693 2
4022 3
1778 1
1835 1
4760 3
240 1
174 1
2977 2
1302 1
747 1
4630 3
4244 3
380 1
3124 2
4599 3
493 1
2847 2
858 1
1292 1
198 1
4135 3
2613 2
3988 3
4672 3
2734 2
990 1
3617 3
2938 2
4570 3
2311 1
2001 1
3000 2
2142 1
2927 2
693 1
554 1
1760 1
986 1
676 1
2607 2
1449 1
4590 3
2833 2
1920 1
3779 3
221 1
4555 3
3119 2
1501 1
4533 3
3383 3
2776 2
2185 1
3690 3
4710 3
2264 1
4102 3
555 1
402 1
2609 2
411 1
1286 1
3569 3
3915 3
3517 3
2248 1
3093 2
68 1
2694 2
625 1
4413 3
1771 1
4698 3
2373 1
4422 3
1187 1
83 1
3154 2
1189 1
4765 3
3803 3
3376 3
2098 1
2754 2
3149 2
456 1
2851 2
3653 3
1217 1
3027 2
4339 3
4559 3
3703 3
626 1
3086 2
1797 1
2387 1
1317 1
3534 3
2855 2
4298 3
1243 1
132 1
4173 3
2713 2
2159 1
2397 1
643 1
3789 3
4522 3
2640 2
1917 1
1724 1
1692 1
2602 2
769 1
2021 1
1626 1
4485 3
2118 1
2188 1
4728 3
4585 3
3968 3
1598 1
2334 1
2256 1
2658 2
4530 3
1446 1
3428 3
2152 1
2102 1
3136 2
3984 3
1178 1
4212 3
4227 3
1464 1
669 1
3923 3
1708 1
2891 2
4635 3
3578 3
1866 1
2305 1
2170 1
781 1
967 1
776 1
444 1
1776 1
3811 3
580 1
424 1
4191 3
3474 3
2848 2
822 1
2126 1
2200 1
2095 1
896 1
4528 3
2168 1
4126 3
2611 2
1660 1
2622 2
778 1
4077 3
2238 1
4631 3
4050 3
3727 3
2821 2
397 1
3046 2
1232 1
1963 1
494 1
1515 1
1767 1
567 1
947 1
2078 1
2237 1
1475 1
4532 3
1481 1
2215 1
1705 1
1009 1
4107 3
1516 1
2679 2
2106 1
4673 3
485 1
4184 3
1714 1
4257 3
1031 1
4028 3
2199 1
3854 3
413 1
343 1
4666 3
4507 3
657 1
253 1
224 1
374 1
3661 3
4035 3
3111 2
389 1
4146 3
1639 1
1300 1
3733 3
4546 3
1393 1
800 1
423 1
3477 3
1868 1
1643 1
2675 2
972 1
2037 1
1077 1
4165 3
3576 3
1505 1
2804 2
1387 1
3702 3
4136 3
744 1
3073 2
3664 3
1840 1
267 1
1054 1
2793 2
1331 1
1127 1
4572 3
3822 3
4743 3
1578 1
3987 3
2169 1
1473 1
3778 3
4208 3
4080 3
906 1
2652 2
2774 2
3072 2
3885 3
3554 3
3610 3
4209 3
3750 3
309 1
4382 3
2232 1
763 1
63 1
1113 1
3018 2
479 1
3105 2
2008 1
77 1
2997 2
1072 1
4489 3
4315 3
3120 2
4058 3
3409 3
2709 2
3890 3
1055 1
366 1
4417 3
3031 2
1940 1
440 1
2179 1
4067 3
918 1
3504 3
1645 1
2353 1
2309 1
2125 1
1107 1
1438 1
4606 3
1270 1
1932 1
2830 2
4151 3
3937 3
1321 1
2322 1
2982 2
866 1
3875 3
2252 1
255 1
4578 3
788 1
3492 3
1606 1
658 1
1106 1
4587 3
3966 3
4619 3
4322 3
4415 3
1965 1
127 1
4731 3
3583 3
1527 1
259 1
3016 2
2716 2
4713 3
1821 1
4702 3
340 1
1169 1
1947 1
4762 3
4495 3
4252 3
2719 2
4429 3
4171 3
186 1
3897 3
2382 1
28 1
2089 1
1513 1
1791 1
1196 1
288 1
272 1
3051 2
2976 2
11 1
1073 1
4215 3
4552 3
138 1
2150 1
3146 2
727 1
1939 1
1453 1
2953 2
1151 1
1970 1
1564 1
4711 3
431 1
3748 3
4402 3
3737 3
2115 1
2717 2
3934 3
4515 3
388 1
678 1
2379 1
1205 1
1894 1
4665 3
1180 1
3392 3
2888 2
4265 3
2394 1
728 1
1574 1
3458 3
125 1
1522 1
3429 3
2302 1
1134 1
2861 2
4478 3
4047 3
4400 3
2277 1
4129 3
394 1
3753 3
4242 3
2251 1
324 1
628 1
2287 1
3480 3
3697 3
1344 1
2191 1
948 1
3669 3
1248 1
1973 1
67 1
3159 2
2845 2
2031 1
2781 2
1684 1
473 1
3840 3
3678 3
890 1
3888 3
1707 1
1068 1
395 1
1649 1
4116 3
4538 3
3962 3
1796 1
3991 3
2082 1
1784 1
4180 3
2009 1
1854 1
4284 3
603 1
4185 3
74 1
1486 1
2672 2
2606 2
3605 3
1007 1
1203 1
3814 3
3919 3
3869 3
2004 1
1700 1
1124 1
3121 2
491 1
2900 2
850 1
3711 3
3876 3
1152 1
1313 1
2075 1
4689 3
1735 1
1720 1
4623 3
648 1
1089 1
2811 2
93 1
3456 3
4014 3
3420 3
468 1
2692 2
1414 1
897 1
1706 1
92 1
2105 1
942 1
98 1
3156 2
550 1
3963 3
1245 1
2667 2
1326 1
54 1
1067 1
3561 3
122 1
3924 3
4626 3
114 1
3833 3
1677 1
3612 3
1091 1
813 1
4313 3
914 1
3592 3
1711 1
2660 2
685 1
1946 1
1996 1
4337 3
4659 3
3882 3
2 1
3141 2
1061 1
4474 3
2647 2
3622 3
4138 3
1772 1
4198 3
2354 1
2843 2
3024 2
1271 1
3527 3
449 1
4752 3
2350 1
3942 3
4454 3
4683 3
2015 1
312 1
1900 1
4005 3
775 1
527 1
1237 1
816 1
593 1
2740 2
188 1
4450 3
4769 3
849 1
3484 3
2962 2
3572 3
3832 3
3685 3
2052 1
3969 3
649 1
3639 3
738 1
1804 1
1533 1
4479 3
3513 3
401 1
4714 3
3145 2
517 1
821 1
2360 1
4433 3
4060 3
1142 1
4066 3
1118 1
436 1
4614 3
454 1
966 1
3907 3
1229 1
2718 2
1491 1
4408 3
3724 3
1749 1
130 1
1480 1
1416 1
3596 3
3079 2
3069 2
4744 3
3377 3
1668 1
3381 3
1305 1
3049 2
3067 2
2226 1
843 1
1109 1
4309 3
2816 2
2218 1
2220 1
3025 2
2777 2
1861 1
1543 1
1323 1
1526 1
552 1
3892 3
3910 3
4395 3
4089 3
3493 3
4177 3
4557 3
4462 3
2922 2
159 1
1584 1
1583 1
3379 3
1712 1
3709 3
1377 1
3927 3
2893 2
4764 3
1015 1
1353 1
4621 3
1817 1
428 1
2706 2
4199 3
2263 1
3880 3
3978 3
4431 3
4274 3
1546 1
3134 2
181 1
433 1
3133 2
854 1
3718 3
702 1
4452 3
4046 3
417 1
770 1
3903 3
3817 3
4625 3
2745 2
2091 1
736 1
3931 3
4504 3
3104 2
995 1
1509 1
1014 1
2720 2
2886 2
2081 1
2076 1
2662 2
3994 3
1132 1
2612 2
1873 1
3479 3
4612 3
4270 3
604 1
697 1
205 1
647 1
1907 1
793 1
25 1
4636 3
4745 3
2296 1
1222 1
1786 1
814 1
556 1
4290 3
352 1
3541 3
886 1
627 1
95 1
4013 3
73 1
2390 1
3457 3
1839 1
505 1
2901 2
1853 1
746 1
2705 2
4341 3
2130 1
1787 1
294 1
4579 3
2323 1
4563 3
2862 2
4192 3
3998 3
2887 2
525 1
1603 1
1351 1
4108 3
3126 2
1442 1
4363 3
861 1
2911 2
1610 1
1665 1
4640 3
392 1
4795 3
3932 3
2866 2
4500 3
3759 3
3901 3
1408 1
4314 3
4544 3
1715 1
4796 3
453 1
2301 1
1991 1
1814 1
787 1
1170 1
2035 1
4583 3
2935 2
978 1
3609 3
530 1
2108 1
532 1
330 1
385 1
1656 1
4217 3
4688 3
2369 1
2011 1
2029 1
3756 3
1088 1
4068 3
2780 2
4059 3
4164 3
3524 3
3519 3
1982 1
2006 1
2678 2
3983 3
4460 3
1834 1
4069 3
4389 3
3076 2
2771 2
509 1
1945 1
3693 3
1268 1
2998 2
1905 1
4294 3
540 1
3837 3
1121 1
4150 3
2391 1
620 1
2268 1
4524 3
1463 1
1184 1
1557 1
1731 1
4392 3
2637 2
1521 1
4656 3
2764 2
1004 1
936 1
1444 1
4110 3
3926 3
499 1
518 1
299 1
1725 1
223 1
4157 3
2890 2
2939 2
4568 3
1837 1
3552 3
3461 3
4247 3
3928 3
281 1
2803 2
1375 1
1829 1
4234 3
3168 2
4027 3
263 1
4280 3
89 1
3052 2
2317 1
682 1
262 1
3846 3
1249 1
4127 3
2631 2
437 1
187 1
2959 2
129 1
398 1
1623 1
2219 1
4447 3
311 1
3616 3
4099 3
208 1
2947 2
3466 3
84 1
2829 2
4039 3
4629 3
581 1
2292 1
447 1
1897 1
1925 1
1011 1
4007 3
4121 3
779 1
391 1
1995 1
1699 1
608 1
35 1
1242 1
4292 3
251 1
2644 2
3412 3
1065 1
1048 1
332 1
3635 3
3441 3
287 1
3538 3
1633 1
2166 1
3745 3
337 1
3059 2
973 1
4706 3
244 1
1066 1
1139 1
1374 1
1998 1
2974 2
1010 1
672 1
1394 1
2080 1
3434 3
497 1
3580 3
3107 2
1254 1
760 1
4205 3
3170 2
3720 3
3555 3
348 1
1495 1
862 1
1346 1
4627 3
4008 3
1145 1
2239 1
4638 3
5 1
1580 1
3109 2
172 1
2937 2
1471 1
4352 3
660 1
4161 3
949 1
1595 1
1844 1
3529 3
2628 2
3806 3
4023 3
1158 1
1510 1
167 1
2153 1
2233 1
3393 3
4723 3
1399 1
4189 3
2865 2
2813 2
772 1
3584 3
4360 3
1244 1
448 1
2853 2
4210 3
3743 3
1358 1
116 1
1114 1
1977 1
3489 3
1957 1
1441 1
2129 1
3652 3
12 1
4196 3
3128 2
404 1
3900 3
3772 3
4178 3
1074 1
4611 3
1146 1
60 1
4628 3
2112 1
901 1
960 1
3788 3
216 1
1231 1
297 1
2349 1
3861 3
684 1
1274 1
4266 3
58 1
168 1
3402 3
542 1
3437 3
3668 3
1912 1
3716 3
1563 1
4118 3
1872 1
4740 3
597 1
2904 2
2044 1
439 1
1743 1
1062 1
1863 1
1927 1
1382 1
1467 1
4548 3
3042 2
2766 2
4700 3
880 1
4412 3
4694 3
1697 1
3423 3
2824 2
213 1
24 1
2013 1
4306 3
1390 1
1875 1
1023 1
4571 3
1075 1
553 1
1 1
2957 2
1349 1
1013 1
382 1
1423 1
4122 3
2012 1
1852 1
1342 1
1461 1
4492 3
999 1
2689 2
1099 1
3823 3
1780 1
1123 1
708 1
1397 1
342 1
3088 2
1663 1
1497 1
100 1
2909 2
903 1
3797 3
1138 1
4562 3
595 1
2691 2
356 1
3075 2
51 1
2773 2
1378 1
957 1
4677 3
4729 3
3629 3
376 1
2346 1
4312 3
1359 1
3726 3
2634 2
1919 1
4120 3
455 1
3442 3
1512 1
3575 3
2273 1
1698 1
3812 3
3670 3
784 1
480 1
1616 1
792 1
4420 3
2857 2
3621 3
1577 1
2204 1
761 1
4169 3
429 1
2920 2
1993 1
346 1
601 1
2330 1
2827 2
889 1
1496 1
4304 3
3568 3
2020 1
1841 1
1541 1
2221 1
16 1
4103 3
1188 1
1862 1
588 1
4098 3
3416 3
2265 1
2695 2
3867 3
1827 1
2908 2
797 1
1380 1
4481 3
3715 3
895 1
561 1
4293 3
1554 1
1391 1
2347 1
1093 1
2149 1
4464 3
2682 2
1906 1
4580 3
1999 1
1324 1
4041 3
1552 1
1608 1
182 1
799 1
1168 1
3749 3
2736 2
1537 1
4505 3
873 1
1051 1
709 1
808 1
2358 1
2805 2
1167 1
2313 1
3447 3
577 1
363 1
825 1
634 1
2065 1
1740 1
85 1
1661 1
521 1
3564 3
2214 1
3553 3
3013 2
2907 2
1955 1
1506 1
2303 1
2092 1
4484 3
2676 2
864 1
1628 1
4421 3
3929 3
536 1
184 1
1815 1
4707 3
1929 1
780 1
384 1
2996 2
4147 3
3386 3
4187 3
2988 2
3741 3
933 1
3140 2
3497 3
998 1
806 1
1961 1
848 1
1751 1
4610 3
2345 1
372 1
1462 1
4287 3
438 1
3990 3
2000 1
794 1
762 1
2357 1
1823 1
192 1
1773 1
2965 2
1227 1
4553 3
2894 2
2979 2
976 1
2046 1
3958 3
1816 1
2289 1
602 1
4175 3
2753 2
1220 1
2131 1
373 1
2184 1
689 1
3050 2
1064 1
4418 3
4232 3
4772 3
4393 3
506 1
1904 1
3081 2
1024 1
4040 3
2825 2
3150 2
2786 2
1459 1
3785 3
2762 2
291 1
1846 1
1206 1
4092 3
1539 1
3413 3
1648 1
4156 3
1276 1
2779 2
562 1
1352 1
2615 2
3032 2
1813 1
105 1
3960 3
4148 3
4083 3
1653 1
3406 3
592 1
3808 3
4554 3
3744 3
1291 1
969 1
944 1
3427 3
573 1
4755 3
407 1
4010 3
191 1
4494 3
883 1
4490 3
1455 1
3982 3
4725 3
2121 1
4342 3
4473 3
853 1
2207 1
3613 3
1181 1
652 1
2362 1
1482 1
420 1
1086 1
3719 3
1388 1
2275 1
2767 2
1652 1
1215 1
3165 2
2730 2
1469 1
3010 2
723 1
4735 3
885 1
2124 1
1696 1
1625 1
1357 1
2921 2
1466 1
1558 1
1799 1
737 1
1259 1
4424 3
1027 1
700 1
3047 2
2784 2
4372 3
638 1
124 1
836 1
4356 3
3739 3
4455 3
1490 1
1115 1
1575 1
1183 1
351 1
2818 2
190 1
3496 3
557 1
4634 3
4793 3
911 1
410 1
2284 1
2267 1
1236 1
803 1
3394 3
3667 3
1615 1
4637 3
1688 1
17 1
4654 3
4720 3
3008 2
3684 3
929 1
4343 3
1551 1
3172 2
2885 2
2614 2
3950 3
777 1
3734 3
3108 2
2376 1
4285 3
3147 2
1620 1
830 1
153 1
15 1
2201 1
909 1
1911 1
3459 3
1356 1
1949 1
2209 1
2748 2
1433 1
4012 3
53 1
4603 3
1883 1
293 1
4775 3
4653 3
3138 2
1474 1
2819 2
3591 3
1611 1
1921 1
4075 3
3694 3
4336 3
2649 2
529 1
959 1
4145 3
3014 2
984 1
4355 3
336 1
2984 2
4105 3
4090 3
4582 3
3430 3
4351 3
2840 2
1488 1
3481 3
1046 1
1362 1
879 1
2111 1
2987 2
1690 1
261 1
4295 3
1175 1
2699 2
3682 3
668 1
4163 3
4397 3
474 1
1988 1
1976 1
2688 2
1632 1
3679 3
1315 1
4070 3
4162 3
4036 3
3500 3
2930 2
215 1
3005 2
1303 1
1277 1
989 1
1716 1
2624 2
832 1
686 1
1002 1
3634 3
4282 3
1798 1
237 1
2928 2
3033 2
349 1
4308 3
3830 3
2281 1
826 1
609 1
3467 3
3151 2
2744 2
295 1
1030 1
214 1
2271 1
2973 2
855 1
2133 1
154 1
3505 3
3004 2
656 1
3547 3
2929 2
2324 1
1728 1
2137 1
3795 3
582 1
1258 1
4128 3
1117 1
4273 3
4419 3
3917 3
2344 1
39 1
1383 1
1741 1
3007 2
1427 1
4658 3
3536 3
4085 3
3422 3
1213 1
922 1
104 1
1783 1
164 1
1297 1
4456 3
2333 1
3573 3
964 1
4323 3
4338 3
2867 2
3468 3
149 1
390 1
457 1
4052 3
4789 3
2328 1
75 1
2258 1
4761 3
3599 3
2224 1
2971 2
3687 3
88 1
3864 3
3066 2
14 1
1710 1
1125 1
2270 1
91 1
1770 1
3936 3
495 1
1800 1
1508 1
4251 3
2400 1
3417 3
1769 1
4307 3
4350 3
1812 1
3418 3
711 1
1500 1
782 1
4275 3
4237 3
1892 1
2897 2
3131 2
1826 1
2316 1
1672 1
2951 2
2042 1
2276 1
878 1
695 1
2798 2
243 1
3074 2
4704 3
3475 3
2164 1
3117 2
4387 3
1283 1
113 1
4331 3
1094 1
1591 1
3722 3
2802 2
2801 2
1084 1
3964 3
1311 1
619 1
1101 1
1938 1
120 1
3764 3
551 1
425 1
1434 1
940 1
3453 3
3602 3
3774 3
3530 3
560 1
2186 1
4020 3
1325 1
2148 1
119 1
548 1
1547 1
4448 3
4685 3
2028 1
232 1
2915 2
4519 3
1599 1
834 1
4214 3
2088 1
4488 3
2079 1
1590 1
3663 3
3618 3
3037 2
2348 1
4671 3
3587 3
162 1
4607 3
4296 3
1848 1
78 1
257 1
3944 3
2663 2
4144 3
3537 3
659 1
2342 1
4383 3
4669 3
3765 3
4073 3
175 1
2914 2
2864 2
4361 3
2205 1
1640 1
3683 3
421 1
1587 1
2203 1
36 1
3730 3
2620 2
3946 3
358 1
1029 1
605 1
2135 1
76 1
133 1
2298 1
157 1
4403 3
1825 1
4405 3
1371 1
140 1
1083 1
4056 3
459 1
837 1
1910 1
426 1
2083 1
3615 3
2094 1
3510 3
4736 3
2926 2
486 1
2294 1
2860 2
2070 1
2910 2
2141 1
4541 3
3820 3
3101 2
143 1
4664 3
622 1
4143 3
1369 1
1803 1
507 1
4518 3
2882 2
1937 1
108 1
3721 3
4347 3
877 1
1896 1
3460 3
4278 3
3798 3
3899 3
1909 1
2889 2
3546 3
2727 2
3494 3
4327 3
4349 3
939 1
4000 3
4132 3
302 1
1207 1
1630 1
4174 3
1041 1
418 1
3137 2
3796 3
310 1
4516 3
3405 3
4094 3
1136 1
1642 1
2924 2
2399 1
200 1
1641 1
4317 3
2326 1
805 1
2850 2
3054 2
4202 3
2769 2
1341 1
4328 3
2990 2
2630 2
1994 1
3582 3
696 1
3562 3
4233 3
3989 3
3908 3
4430 3
102 1
4726 3
2007 1
3939 3
1717 1
4556 3
3482 3
292 1
2058 1
3815 3
3849 3
1431 1
4730 3
3387 3
1361 1
1520 1
2852 2
183 1
899 1
4701 3
1730 1
4650 3
3881 3
2003 1
3857 3
3873 3
353 1
229 1
3038 2
476 1
173 1
1017 1
4230 3
4594 3
501 1
4695 3
1689 1
4438 3
594 1
3986 3
1129 1
406 1
2299 1
1843 1
469 1
4773 3
1193 1
722 1
3518 3
4663 3
242 1
1849 1
4082 3
1103 1
3401 3
934 1
703 1
1880 1
3945 3
1363 1
2650 2
3677 3
4065 3
3879 3
3835 3
3395 3
924 1
2756 2
1869 1
2603 2
1059 1
298 1
307 1
1757 1
522 1
1983 1
3085 2
2978 2
2999 2
4104 3
2056 1
3491 3
1092 1
274 1
1368 1
2140 1
1483 1
1301 1
1043 1
503 1
2741 2
1978 1
927 1
458 1
2253 1
282 1
33 1
2282 1
3006 2
57 1
1969 1
3805 3
1985 1
3620 3
3762 3
3920 3
87 1
3981 3
958 1
2899 2
2096 1
1119 1
2809 2
72 1
3645 3
965 1
2902 2
818 1
1570 1
717 1
859 1
4053 3
55 1
4344 3
2278 1
4406 3
1376 1
176 1
4667 3
3512 3
1044 1
2259 1
3933 3
1842 1
4463 3
2668 2
1069 1
1281 1
2823 2
1366 1
482 1
690 1
4195 3
4279 3
4558 3
4782 3
618 1
1327 1
160 1
1923 1
64 1
4757 3
1890 1
807 1
991 1
2795 2
1440 1
2945 2
1914 1
1034 1
1050 1
1986 1
227 1
446 1
52 1
3972 3
2085 1
1154 1
2791 2
4045 3
284 1
621 1
539 1
4747 3
3608 3
4115 3
2049 1
1269 1
32 1
4033 3
156 1
3065 2
2384 1
2047 1
1766 1
2234 1
1966 1
569 1
1105 1
1693 1
4788 3
210 1
375 1
4190 3
881 1
1273 1
3883 3
4194 3
2262 1
1174 1
286 1
3017 2
3503 3
1704 1
1948 1
3433 3
3893 3
1025 1
2681 2
4451 3
4642 3
2320 1
3082 2
3935 3
925 1
169 1
1192 1
2703 2
1153 1
2746 2
194 1
1191 1
3539 3
43 1
4771 3
1049 1
3763 3
2794 2
2646 2
1922 1
4029 3
4348 3
361 1
1299 1
2103 1
2940 2
277 1
1549 1
3691 3
2337 1
579 1
3784 3
3786 3
512 1
2972 2
4048 3
399 1
3559 3
2398 1
1753 1
1502 1
993 1
2023 1
2958 2
317 1
115 1
248 1
2212 1
2176 1
4477 3
1729 1
564 1
3003 2
2671 2
3535 3
1548 1
47 1
912 1
152 1
463 1
1895 1
3866 3
2134 1
4201 3
3091 2
4239 3
2687 2
2859 2
2969 2
875 1
481 1
2683 2
543 1
3384 3
1373 1
4692 3
1726 1
4696 3
2836 2
1958 1
3728 3
2048 1
4197 3
2629 2
2896 2
3130 2
3549 3
2372 1
2714 2
379 1
3782 3
99 1
1130 1
4042 3
870 1
713 1
1131 1
3157 2
3 1
1166 1
3943 3
2729 2
4 1
3400 3
1426 1
4733 3
720 1
4536 3
961 1
3036 2
2180 1
3068 2
841 1
502 1
3579 3
2242 1
1250 1
1418 1
4038 3
2919 2
644 1
460 1
4597 3
558 1
4633 3
1266 1
712 1
3947 3
2375 1
498 1
4365 3
2389 1
2955 2
3021 2
3390 3
264 1
856 1
3918 3
3707 3
313 1
2308 1
80 1
673 1
254 1
364 1
3850 3
90 1
3041 2
3777 3
193 1
4567 3
3878 3
4025 3
1782 1
4353 3
3714 3
1886 1
1493 1
4632 3
234 1
2319 1
520 1
3058 2
842 1
4260 3
3692 3
847 1
2119 1
771 1
4333 3
1594 1
331 1
4690 3
2116 1
4384 3
1612 1
202 1
4467 3
3713 3
4024 3
2099 1
21 1
2849 2
1253 1
3871 3
639 1
4416 3
2936 2
3511 3
1756 1
2359 1
1040 1
4620 3
3127 2
1278 1
4661 3
2765 2
3843 3
754 1
1310 1
4476 3
3426 3
4657 3
3486 3
1406 1
3171 2
671 1
3700 3
1400 1
565 1
178 1
4715 3
4409 3
4746 3
1096 1
2315 1
1210 1
1328 1
811 1
871 1
381 1
4155 3
4790 3
2280 1
2875 2
318 1
4645 3
3783 3
247 1
2619 2
721 1
2202 1
4686 3
1454 1
3948 3
367 1
4691 3
3116 2
46 1
904 1
2626 2
1582 1
804 1
3469 3
694 1
1000 1
3026 2
1627 1
4581 3
937 1
2386 1
983 1
1569 1
2604 2
4078 3
10 1
1372 1
1836 1
4783 3
829 1
1586 1
4235 3
4468 3
4385 3
840 1
1199 1
2870 2
4652 3
4457 3
62 1
1918 1
3485 3
112 1
4222 3
3659 3
1282 1
121 1
2810 2
1980 1
2010 1
3169 2
1063 1
2093 1
3631 3
3646 3
466 1
968 1
2288 1
692 1
3898 3
478 1
4435 3
2632 2
328 1
2190 1
3995 3
2869 2
1047 1
4240 3
630 1
3997 3
1410 1
3516 3
4697 3
3100 2
1662 1
1318 1
3891 3
3523 3
3859 3
1989 1
3971 3
1654 1
513 1
4506 3
2165 1
1316 1
633 1
197 1
2032 1
4063 3
1531 1
4074 3
4432 3
1518 1
1058 1
663 1
941 1
917 1
1070 1
4245 3
1811 1
578 1
1239 1
1916 1
4031 3
4034 3
2763 2
226 1
1028 1
201 1
996 1
2332 1
1005 1
1953 1
1934 1
4678 3
2036 1
2182 1
3979 3
4443 3
3975 3
4727 3
4539 3
2655 2
919 1
3080 2
766 1
2917 2
3868 3
475 1
2759 2
1822 1
2211 1
290 1
3600 3
4741 3
1972 1
3894 3
1087 1
450 1
2073 1
1216 1
2338 1
1719 1
750 1
3640 3
1588 1
1468 1
2246 1
572 1
515 1
1019 1
415 1
4330 3
2807 2
414 1
661 1
741 1
715 1
748 1
3044 2
566 1
3166 2
955 1
742 1
1503 1
31 1
3048 2
1370 1
4542 3
1076 1
1765 1
42 1
4100 3
2249 1
4472 3
258 1
1247 1
749 1
1204 1
2117 1
3970 3
3471 3
2785 2
3388 3
464 1
1307 1
1470 1
4502 3
1579 1
196 1
377 1
3993 3
1831 1
1737 1
1544 1
953 1
3382 3
4076 3
1567 1
4453 3
1435 1
484 1
3787 3
2019 1
1053 1
2054 1
2700 2
1429 1
2351 1
3022 2
4561 3
928 1
3611 3
3594 3
4335 3
451 1
4236 3
3799 3
4426 3
3821 3
1263 1
662 1
4183 3
2343 1
1600 1
1903 1
4283 3
585 1
2139 1
3860 3
3708 3
416 1
2090 1
1942 1
2636 2
2030 1
4281 3
3167 2
587 1
4545 3
3855 3
2884 2
1267 1
4268 3
4434 3
4759 3
1838 1
1003 1
1979 1
2653 2
831 1
4297 3
2820 2
4160 3
631 1
3974 3
982 1
477 1
2122 1
1685 1
3160 2
22 1
4525 3
2638 2
726 1
13 1
3819 3
2782 2
1605 1
325 1
1931 1
4543 3
791 1
3391 3
2967 2
584 1
812 1
3827 3
1559 1
4699 3
3941 3
767 1
2192 1
4113 3
4748 3
3856 3
1629 1
4458 3
1080 1
2245 1
3804 3
2674 2
1613 1
4655 3
4540 3
319 1
65 1
1915 1
305 1
1186 1
2749 2
1990 1
1860 1
1818 1
2266 1
145 1
3129 2
596 1
4778 3
724 1
70 1
698 1
3389 3
365 1
4167 3
94 1
1085 1
4584 3
3548 3
4021 3
118 1
545 1
2087 1
2310 1
751 1
4256 3
3155 2
2858 2
756 1
4303 3
1251 1
1891 1
2061 1
412 1
4643 3
2625 2
4368 3
3794 3
61 1
2050 1
1226 1
3577 3
3624 3
326 1
2175 1
4483 3
1676 1
4390 3
2944 2
3841 3
3118 2
4364 3
4258 3
4549 3
3967 3
4277 3
4593 3
4170 3
1451 1
1160 1
2656 2
1081 1
3410 3
3643 3
3083 2
231 1
2876 2
2787 2
2171 1
233 1
4311 3
3758 3
166 1
158 1
1144 1
2383 1
4250 3
1809 1
3953 3
2878 2
2724 2
4124 3
4595 3
1339 1
4491 3
1235 1
4019 3
4470 3
452 1
667 1
664 1
3020 2
4276 3
445 1
235 1
2297 1
409 1
2272 1
1260 1
4414 3
4051 3
1585 1
1975 1
3807 3
981 1
3874 3
4471 3
651 1
4749 3
4229 3
2790 2
3884 3
2286 1
3628 3
4375 3
3731 3
824 1
2992 2
2941 2
86 1
546 1
4596 3
1968 1
3063 2
3094 2
921 1
4487 3
2872 2
4321 3
3490 3
2906 2
185 1
3403 3
470 1
867 1
653 1
4371 3
1576 1
252 1
1517 1
2063 1
2812 2
241 1
1126 1
2760 2
3464 3
3655 3
1943 1
44 1
894 1
1365 1
3604 3
4269 3
4482 3
3571 3
872 1
4255 3
1667 1
4486 3
1364 1
2388 1
4221 3
2680 2
1755 1
932 1
1801 1
2228 1
4037 3
3566 3
3095 2
4602 3
2392 1
3887 3
2312 1
1214 1
2838 2
4386 3
757 1
1774 1
707 1
611 1
759 1
4787 3
1198 1
141 1
4086 3
4188 3
635 1
2903 2
1402 1
2210 1
3912 3
4547 3
2985 2
827 1
4459 3
2371 1
538 1
2835 2
1682 1
271 1
3642 3
3706 3
504 1
1345 1
2698 2
1219 1
2822 2
923 1
4369 3
1238 1
1971 1
1122 1
1090 1
97 1
600 1
4305 3
1857 1
4784 3
2144 1
1636 1
755 1
3985 3
2871 2
2217 1
1445 1
3483 3
1876 1
48 1
1984 1
4513 3
1556 1
3992 3
1350 1
1935 1
273 1
1762 1
3415 3
1487 1
637 1
4182 3
3077 2
574 1
3135 2
139 1
4763 3
3445 3
3588 3
2356 1
4734 3
2932 2
3487 3
1614 1
2739 2
218 1
1211 1
1020 1
2295 1
2952 2
3378 3
753 1
1621 1
1736 1
1420 1
1768 1
265 1
3144 2
526 1
3647 3
4248 3
3158 2
1293 1
4081 3
69 1
3465 3
3680 3
1476 1
1447 1
3098 2
3062 2
3810 3
4243 3
1602 1
2363 1
180 1
2279 1
4394 3
701 1
670 1
4095 3
4226 3
2963 2
729 1
2808 2
4644 3
571 1
3476 3
1489 1
487 1
4758 3
1332 1
3696 3
876 1
4254 3
1899 1
3649 3
1405 1
951 1
3675 3
2374 1
4508 3
2690 2
1289 1
679 1
1550 1
1012 1
1309 1
1137 1
1452 1
1997 1
3103 2
1223 1
147 1
4101 3
1721 1
1713 1
1540 1
400 1
950 1
1532 1
3495 3
383 1
3614 3
2664 2
1042 1
1338 1
4213 3
1233 1
691 1
204 1
3829 3
868 1
1525 1
40 1
3532 3
4006 3
3886 3
590 1
2737 2
1001 1
2623 2
3114 2
500 1
2197 1
1038 1
38 1
4030 3
2038 1
19 1
2711 2
3853 3
1319 1
2960 2
1430 1
2925 2
1805 1
943 1
4087 3
2994 2
1036 1
3828 3
839 1
3922 3
1631 1
1156 1
4139 3
3818 3
3775 3
1561 1
301 1
1847 1
731 1
79 1
1494 1
2321 1
2370 1
4114 3
3699 3
1709 1
4674 3
3710 3
3681 3
4057 3
2060 1
1617 1
1954 1
1683 1
882 1
1802 1
341 1
4754 3
3954 3
3449 3
4043 3
2832 2
2883 2
96 1
3672 3
616 1
1523 1
2943 2
2788 2
1745 1
2062 1
4286 3
1681 1
1098 1
1528 1
1190 1
1381 1
3650 3
2673 2
4179 3
4263 3
3029 2
2949 2
3644 3
3769 3
2329 1
2055 1
2074 1
3980 3
1733 1
4719 3
23 1
1465 1
1314 1
1261 1
135 1
1701 1
2905 2
1789 1
2229 1
1164 1
798 1
2708 2
177 1
3895 3
615 1
900 1
4779 3
739 1
2285 1
4391 3
963 1
2040 1
2138 1
1306 1
706 1
681 1
268 1
2601 2
1566 1
1100 1
296 1
3164 2
4141 3
1155 1
1057 1
41 1
2306 1
2986 2
4475 3
4064 3
1172 1
4526 3
4742 3
1858 1
2608 2
4624 3
2817 2
1334 1
680 1
1874 1
3506 3
1477 1
4511 3
4449 3
2661 2
1879 1
1545 1
2059 1
2336 1
2235 1
516 1
4520 3
3793 3
1228 1
1343 1
1224 1
3717 3
4618 3
4785 3
4158 3
4523 3
1592 1
3865 3
270 1
4062 3
3090 2
2283 1
3106 2
4300 3
1666 1
1257 1
3122 2
2365 1
559 1
3043 2
1264 1
1176 1
405 1
3011 2
2839 2
4499 3
4218 3
4399 3
4680 3
195 1
4088 3
3421 3
725 1
952 1
1120 1
1256 1
508 1
2066 1
3142 2
3768 3
304 1
2216 1
3844 3
2043 1
2223 1
2033 1
1163 1
589 1
1655 1
3951 3
4792 3
2846 2
1241 1
974 1
3851 3
2027 1
4738 3
3123 2
2831 2
4425 3
4535 3
1110 1
4444 3
1680 1
2981 2
199 1
3533 3
3665 3
359 1
795 1
4493 3
2339 1
1252 1
4011 3
3557 3
1201 1
645 1
3153 2
1428 1
716 1
583 1
18 1
1928 1
2195 1
3607 3
783 1
1355 1
4374 3
3446 3
4018 3
2123 1
4776 3
4574 3
3781 3
1555 1
3444 3
3766 3
3961 3
3595 3
283 1
2361 1
217 1
56 1
4651 3
1056 1
4712 3
887 1
1622 1
1573 1
279 1
547 1
2084 1
3099 2
4573 3
992 1
2898 2
6 1
4112 3
344 1
81 1
2702 2
1746 1
817 1
2721 2
623 1
347 1
266 1
3654 3
1901 1
987 1
1542 1
1792 1
4529 3
3451 3
2770 2
1385 1
4370 3
2183 1
2167 1
4334 3
4301 3
71 1
3637 3
1952 1
3630 3
4589 3
599 1
2104 1
591 1
4203 3
3040 2
1647 1
3909 3
3754 3
4149 3
3636 3
203 1
860 1
2948 2
3921 3
3551 3
3666 3
3570 3
2743 2
3542 3
4770 3
1790 1
3408 3
1675 1
3070 2
4225 3
1785 1
3060 2
1742 1
641 1
4708 3
666 1
2393 1
4662 3
1347 1
2735 2
2946 2
4137 3
2995 2
1913 1
280 1
3030 2
1644 1
4378 3
2707 2
733 1
2815 2
123 1
2325 1
131 1
1008 1
1759 1
1807 1
913 1
2340 1
4093 3
275 1
838 1
863 1
2828 2
315 1
1898 1
4398 3
360 1
2989 2
3673 3
735 1
3055 2
2396 1
2747 2
2686 2
705 1
1562 1
1112 1
1173 1
3526 3
4660 3
4799 3
2863 2
4732 3
3407 3
3906 3
1536 1
3521 3
4125 3
3102 2
329 1
161 1
1389 1
2696 2
3162 2
4722 3
2657 2
103 1
3732 3
4767 3
956 1
857 1
646 1
570 1
1148 1
4320 3
1679 1
4166 3
4786 3
3839 3
2912 2
4670 3
1230 1
3725 3
1695 1
4401 3
434 1
910 1
687 1
3455 3
1436 1
1432 1
1296 1
1006 1
674 1
155 1
2956 2
3916 3
2616 2
4376 3
1333 1
1691 1
2014 1
1808 1
354 1
1396 1
4514 3
2961 2
4358 3
2826 2
3057 2
4721 3
1933 1
642 1
1280 1
1664 1
4423 3
2964 2
3565 3
1284 1
541 1
4267 3
4601 3
1889 1
419 1
4316 3
3398 3
3712 3
640 1
2627 2
4220 3
2751 2
3834 3
4498 3
4388 3
2071 1
624 1
7 1
4496 3
3499 3
3550 3
4354 3
892 1
2722 2
4207 3
4703 3
4291 3
4159 3
1618 1
1936 1
946 1
2792 2
3747 3
2327 1
1597 1
1781 1
2072 1
2993 2
2775 2
2761 2
1288 1
1498 1
1133 1
714 1
2913 2
2128 1
1651 1
2230 1
4780 3
4219 3
2983 2
1538 1
4577 3
30 1
1951 1
1987 1
607 1
146 1
289 1
1604 1
151 1
576 1
4537 3
4152 3
3472 3
3397 3
2701 2
2189 1
3965 3
4709 3
4380 3
743 1
2187 1
2854 2
2026 1
524 1
1794 1
1926 1
2968 2
4216 3
1403 1
378 1
4377 3
1147 1
3087 2
3836 3
4591 3
1079 1
2605 2
2970 2
815 1
1298 1
4439 3
809 1
3112 2
2053 1
2307 1
4310 3
2768 2
935 1
2331 1
3528 3
101 1
2752 2
4299 3
2366 1
4649 3
2045 1
238 1
1754 1
250 1
3870 3
3431 3
3930 3
1568 1
1950 1
533 1
471 1
4249 3
2250 1
3034 2
3999 3
650 1
4681 3
4480 3
3148 2
4517 3
1450 1
528 1
3770 3
3097 2
29 1
3802 3
1262 1
4445 3
211 1
3689 3
334 1
1530 1
4534 3
2877 2
3959 3
1819 1
3767 3
1763 1
4774 3
1104 1
764 1
396 1
3800 3
1871 1
4800 3
2151 1
2143 1
2966 2
1832 1
2254 1
2260 1
852 1
4238 3
790 1
2610 2
4766 3
2783 2
980 1
2113 1
4550 3
1793 1
137 1
2666 2
3009 2
4682 3
2208 1
1185 1
970 1
3089 2
4794 3
3896 3
3738 3
2742 2
4646 3
4379 3
2086 1
1078 1
3751 3
4340 3
1177 1
1479 1
1962 1
2041 1
4777 3
710 1
3955 3
2800 2
534 1
765 1
3848 3
339 1
4206 3
4427 3
3514 3
2341 1
4326 3
3598 3
1330 1
362 1
3755 3
2034 1
774 1
4271 3
3419 3
4797 3
2114 1
4373 3
82 1
1336 1
4362 3
4231 3
144 1
2778 2
575 1
2077 1
2799 2
106 1
3735 3
142 1
2923 2
2385 1
1287 1
3973 3
3152 2
4032 3
4781 3
1596 1
1810 1
3035 2
920 1
2643 2
2155 1
4436 3
2291 1
3676 3
4259 3
3396 3
2684 2
3872 3
2231 1
1348 1
962 1
2017 1
9 1
4154 3
4576 3
3657 3
2255 1
1071 1
1499 1
4639 3
3801 3
3590 3
2651 2
2097 1
3698 3
2618 2
2025 1
2367 1
3938 3
483 1
2665 2
4411 3
225 1
4367 3
2991 2
2314 1
4329 3
511 1
2377 1
3809 3
2880 2
2005 1
3913 3
598 1
393 1
1967 1
1571 1
4684 3
1143 1
3462 3
303 1
3704 3
2648 2
665 1
3606 3
357 1
3558 3
4123 3
126 1
4346 3
1295 1
4609 3
3450 3
510 1
985 1
3776 3
2868 2
675 1
916 1
3443 3
4739 3
1197 1
1960 1
3574 3
1718 1
1212 1
3452 3
3385 3
617 1
1097 1
3688 3
4186 3
4357 3
4675 3
2750 2
2873 2
219 1
1732 1
563 1
2257 1
1593 1
606 1
1504 1
4461 3
1108 1
4564 3
1572 1
1524 1
3581 3
677 1
891 1
1322 1
3563 3
2732 2
3956 3
2198 1
4531 3
3113 2
2136 1
3064 2
3889 3
4798 3
4026 3
1458 1
2895 2
163 1
3531 3
4130 3
2841 2
37 1
2109 1
893 1
2758 2
4442 3
4396 3
4228 3
988 1
3411 3
3627 3
2757 2
2352 1
2659 2
3911 3
3139 2
2814 2
586 1
4521 3
3877 3
519 1
888 1
1678 1
4791 3
3603 3
4253 3
3619 3
699 1
2022 1
4193 3
4319 3
3949 3
488 1
230 1
2881 2
3914 3
4465 3
472 1
4211 3
1671 1
869 1
3862 3
2954 2
4598 3
1747 1
3658 3
1157 1
1507 1
4084 3
2755 2
4617 3
3424 3
1141 1
1234 1
1140 1
2222 1
2161 1
3520 3
4647 3
3651 3
3996 3
4605 3
3729 3
1560 1
796 1
1457 1
246 1
3648 3
245 1
4705 3
2145 1
915 1
2368 1
1082 1
1039 1
3760 3
338 1
368 1
2723 2
2633 2
3589 3
1941 1
4176 3
1788 1
369 1
3414 3
2158 1
1865 1
1149 1
1752 1
2942 2
2290 1
1150 1
3039 2
1609 1
1417 1
905 1
4737 3
745 1
1443 1
3723 3
3092 2
1018 1
1820 1
3632 3
3473 3
3662 3
4566 3
1878 1
2950 2
4079 3
3161 2
1779 1
2156 1
3543 3
2157 1
3847 3
3773 3
1335 1
4054 3
3163 2
1320 1
1658 1
490 1
496 1
1240 1
4072 3
3660 3
977 1
1565 1
1758 1
4569 3
4015 3
2980 2
768 1
4381 3
2068 1
4302 3
785 1
1329 1
2685 2
370 1
4753 3
655 1
1032 1
1634 1
2193 1
732 1
276 1
2621 2
1722 1
3597 3
170 1
4096 3
66 1
833 1
994 1
189 1
3746 3
1304 1
492 1
3478 3
3132 2
4616 3
320 1
3454 3
467 1
1867 1
4687 3
3078 2
2132 1
1738 1
3502 3
4366 3
3813 3
2733 2
2146 1
3780 3
2378 1
2018 1
926 1
3825 3
206 1
2715 2
1859 1
1285 1
851 1
1519 1
1340 1
1687 1
4600 3
148 1
730 1
683 1
4071 3
4168 3
4724 3
4325 3
1162 1
2100 1
3905 3
107 1
846 1
3440 3
2240 1
1694 1
786 1
874 1
2110 1
4001 3
4016 3
740 1
4410 3
4106 3
461 1
4693 3
549 1
2710 2
3601 3
1638 1
2225 1
4200 3
462 1
136 1
1225 1
3752 3
1824 1
1514 1
2154 1
954 1
2874 2
3736 3
1367 1
4751 3
1275 1
1702 1
3842 3
443 1
613 1
1744 1
3940 3
1221 1
2178 1
1218 1
4756 3
1022 1
884 1
3498 3
239 1
2834 2
1392 1
1727 1
3071 2
2916 2
1930 1
2645 2
688 1
1485 1
1748 1
2933 2
4586 3
789 1
1290 1
179 1
1279 1
1761 1
3816 3
4111 3
758 1
335 1
3686 3
1908 1
2067 1
1893 1
4142 3
819 1
3143 2
1870 1
465 1
3623 3
4153 3
1294 1
427 1
2842 2
1425 1
4428 3
1116 1
2269 1
4134 3
3061 2
1478 1
4469 3
350 1
2244 1
1964 1
1337 1
3380 3
1437 1
1135 1
3826 3
3002 2
3824 3
3096 2
4510 3
844 1
256 1
531 1
2395 1
945 1
2243 1
1409 1
322 1
1419 1
514 1
1887 1
2712 2
1624 1
2177 1
1472 1
1421 1
4501 3
1553 1
632 1
4224 3
1456 1
1902 1
1833 1
1924 1
1354 1
3705 3
568 1
2918 2
1424 1
4575 3
212 1
1734 1
269 1
4049 3
1246 1
3852 3
3585 3
4262 3
2196 1
1404 1
4768 3
4223 3
150 1
3674 3
4004 3
3976 3
20 1
2173 1
2641 2
2931 2
1673 1
1686 1
345 1
3567 3
1529 1
1884 1
823 1
3432 3
1795 1
3501 3
3790 3
3488 3
4264 3
4117 3
4288 3
3952 3
1619 1
3540 3
165 1
1659 1
3977 3
3015 2
3463 3
1021 1
3438 3
1395 1
1764 1
4289 3
2107 1
4718 3
2797 2
4133 3
1845 1
1379 1
1534 1
629 1
1171 1
3425 3
2206 1
1407 1
4055 3
3053 2
3001 2
1360 1
4466 3
4527 3
1102 1
27 1
4131 3
1460 1
2057 1
2016 1
3544 3
323 1
4668 3
3740 3
1581 1
4044 3
4676 3
4172 3
1703 1
2051 1
3115 2
110 1
4261 3
3593 3
371 1
2247 1
435 1
3019 2
4404 3
1601 1
49 1
835 1
4359 3
1855 1
4181 3
222 1
2236 1
3757 3
34 1
2174 1
3791 3
2213 1
4204 3
2796 2
1384 1
1956 1
4622 3
4615 3
2731 2
1448 1
1888 1
523 1
2355 1
2704 2
1511 1
2227 1
801 1
820 1
4497 3
1128 1
1881 1
865 1
3742 3
1194 1
2120 1
2669 2
2241 1
3470 3
734 1
997 1
50 1
1669 1
4437 3
1312 1
171 1
4002 3
111 1
1045 1
2064 1
2670 2
1439 1
4648 3
2127 1
908 1
3448 3
1959 1
1265 1
2318 1
1386 1
1422 1
2194 1
1723 1
4604 3
1850 1
802 1
2039 1
